[1] "Parameter summary"
                Lower95     Median    Upper95       Mean         SD Mode
tau_proc     0.43171343  0.8191929  1.4400330  0.8731513 0.29065936   NA
beta1       -1.01605315 -0.5964063 -0.1903252 -0.6028408 0.20995031   NA
beta2        0.44172652  0.6194592  0.7849377  0.6160800 0.08796004   NA
beta3        0.11933349  0.4715650  0.8327259  0.4736912 0.18081545   NA
beta4       -0.08738765  0.2900165  0.6556037  0.2893066 0.18943014   NA
tau_obs      0.95667352  1.6105654  2.3809317  1.6434319 0.37266816   NA
tau_C1_proc  2.83703398  4.1415537  5.5525595  4.1831862 0.70184691   NA
tau_C2_proc  1.22014986  1.7636883  2.3820111  1.7819987 0.29963637   NA
                   MCerr MC%ofSD SSeff         AC.10     psrf
tau_proc    0.0025739903     0.9 12751  0.1302484444 1.000058
beta1       0.0014454511     0.7 21097  0.0421528163 1.000008
beta2       0.0006590068     0.7 17815  0.0552814328 1.000021
beta3       0.0010666482     0.6 28736  0.0162280227 1.000031
beta4       0.0010071238     0.5 35378  0.0009215725 1.000043
tau_obs     0.0026940754     0.7 19135  0.0562750657 1.000043
tau_C1_proc 0.0028652780     0.4 60000 -0.0015885563 1.000120
tau_C2_proc 0.0012435341     0.4 58060 -0.0008370192 1.000021
[1] "Parameter cross-correlations"
                tau_proc         beta1         beta2        beta3         beta4
tau_proc     1.000000000  1.822089e-01  2.532926e-01 -0.076881326 -6.356235e-03
beta1        0.182208886  1.000000e+00  7.594544e-01 -0.330364742 -6.439860e-02
beta2        0.253292628  7.594544e-01  1.000000e+00 -0.476187591 -2.300516e-05
beta3       -0.076881326 -3.303647e-01 -4.761876e-01  1.000000000 -3.361836e-01
beta4       -0.006356235 -6.439860e-02 -2.300516e-05 -0.336183561  1.000000e+00
tau_obs     -0.393108261 -7.719200e-02 -1.140504e-01  0.017570341  9.199646e-03
tau_C1_proc -0.001972534  2.845608e-03 -1.652144e-03  0.006662314 -3.598402e-03
tau_C2_proc -0.001765585 -9.710585e-05  1.839614e-04 -0.004075290  5.223736e-03
                 tau_obs  tau_C1_proc   tau_C2_proc
tau_proc    -0.393108261 -0.001972534 -1.765585e-03
beta1       -0.077191997  0.002845608 -9.710585e-05
beta2       -0.114050449 -0.001652144  1.839614e-04
beta3        0.017570341  0.006662314 -4.075290e-03
beta4        0.009199646 -0.003598402  5.223736e-03
tau_obs      1.000000000 -0.001328929  4.700341e-03
tau_C1_proc -0.001328929  1.000000000 -3.906985e-03
tau_C2_proc  0.004700341 -0.003906985  1.000000e+00
